6
 0 69 22 33 66 17
69  0 14 16 44 22
22 14  0 72 15 10
33 16 72  0 13 51
66 44 15 13  0 80
17 22 10 51 80  0